0.17
0.25
-0.04
0.31
0.12
0.24
0.41
0.11
0.32
0.26
0.19
0.01
0.09
0.18
0.19
0.24
0.16
0.11
0.25
0.25
0.12
0.22
0.17
0.20
0.42
0.20
0.28
0.26
0.28
0.19
0.19
0.31
0.19
0.18
0.19
0.32
0.19
0.17
0.10
0.42
0.22
0.35
0.28
0.05
0.39
0.29
0.08
0.01
0.22
0.14
0.22
0.04
0.28
0.22
0.26
-0.04
0.35
0.09
0.06
0.23
0.39
0.28
-0.04
0.20
0.22
0.19
0.29
0.40
0.38
0.30
0.23
-0.03
0.28
0.16
0.04
0.21
0.17
0.06
0.09
0.11
0.04
0.33
0.14
0.13
0.17
0.17
0.38
0.19
0.02
0.27
0.19
0.15
0.15
0.29
0.25
0.34
0.22
0.15
0.38
0.10
0.11
0.20
0.45
0.04
0.26
0.11
0.16
0.23
0.23
0.28
0.11
0.07
0.27
0.17
0.28
-0.03
0.11
0.24
0.18
0.39
0.24
0.15
0.41
0.26
0.20
0.15
0.11
0.41
0.55
0.30
0.36
0.14
0.11
0.19
0.27
0.16
0.22
0.28
0.39
0.14
0.31
0.06
0.09
0.06
0.16
0.16
0.44
0.16
0.20
0.23
0.31
0.11
0.26
0.23
0.10
0.25
0.29
0.13
0.30
0.15
0.08
0.09
0.10
0.38
0.22
0.08
0.23
0.31
0.16
0.48
0.20
0.10
0.39
0.19
0.25
0.22
0.06
0.14
0.08
0.19
0.16
0.18
0.14
0.23
0.25
0.36
0.29
0.28
0.44
0.35
0.39
0.16
0.23
0.19
0.10
0.18
0.18
0.30
0.27
0.10
0.27
0.16
0.17
0.06
0.19
0.20
0.34
0.22
0.18
0.14
0.28
0.09
0.24
0.17
0.20
0.13
0.29
0.35
0.39
0.22
0.21
0.18
0.40
0.27
0.21
0.26
0.34
0.34
0.34
0.24
0.25
0.16
0.10
0.22
0.01
0.28
0.37
0.12
0.06
-0.02
0.24
0.17
0.35
0.07
0.20
0.17
0.22
0.29
0.17
0.10
0.30
0.25
0.25
0.28
0.14
0.16
0.06
0.30
0.28
0.23
0.22
0.26
0.17
0.21
0.40
0.18
0.20
0.19
0.06
0.34
0.32
0.31
0.13
0.11
0.17
0.24
0.04
0.44
0.25
0.29
0.08
0.28
0.15
0.22
0.09
0.20
0.16
0.37
0.23
0.25
0.20
0.15
0.26
0.14
0.14
0.12
0.27
0.23
0.14
0.06
0.04
0.11
0.23
0.42
0.25
0.36
0.12
0.28
0.20
0.21
0.28
-0.07
0.30
0.16
0.34
0.40
0.18
0.25
0.48
0.23
0.13
0.15
0.21
0.20
0.37
