0.33
0.21
0.29
0.23
0.25
0.17
0.20
-0.05
0.25
0.15
0.23
0.24
0.24
0.09
0.04
0.03
0.08
0.29
0.08
0.15
0.07
0.13
0.16
0.22
0.03
0.37
0.15
0.25
0.13
0.19
0.31
0.22
0.30
0.17
0.16
0.44
0.21
0.38
0.23
0.22
0.24
0.22
0.21
0.25
0.18
0.25
0.22
0.21
0.25
0.34
0.17
0.28
0.29
0.21
0.26
-0.05
0.13
0.18
-0.00
0.16
0.42
0.32
0.18
0.21
0.16
0.12
0.14
0.16
0.33
0.20
0.03
0.19
0.22
0.10
0.08
0.34
0.22
0.21
0.20
0.29
-0.01
0.30
0.25
0.24
0.15
0.29
0.12
0.29
0.13
0.37
0.05
0.11
0.06
0.19
0.21
0.25
0.25
0.15
0.13
0.40
0.20
0.31
0.15
0.05
0.22
0.36
0.31
0.33
0.06
0.41
0.07
0.28
0.21
0.19
0.02
0.26
0.18
0.04
0.15
0.30
0.16
0.13
0.23
0.23
0.26
0.32
0.38
0.07
0.13
0.33
0.25
0.38
0.09
0.32
0.01
0.35
0.12
0.19
0.10
0.11
0.08
0.29
0.21
0.32
0.22
0.14
0.20
0.11
0.38
0.20
0.15
0.29
0.06
0.31
0.05
0.02
0.23
0.35
0.16
0.29
0.12
0.17
0.35
0.33
0.17
0.17
0.17
0.11
0.28
0.34
0.20
0.06
0.29
0.17
0.29
0.22
0.27
0.24
0.12
0.24
0.34
0.16
0.20
0.23
0.22
0.32
0.19
0.27
0.23
0.26
0.20
0.10
0.28
0.24
-0.05
0.14
0.21
0.15
0.15
0.14
0.24
0.32
0.37
0.32
0.29
0.06
0.12
0.27
0.25
0.21
0.31
0.03
0.33
0.32
0.25
0.14
0.28
0.13
0.22
0.22
0.20
0.11
0.20
0.37
0.11
0.25
0.25
-0.01
0.30
0.40
0.20
0.23
0.14
0.31
0.26
0.43
0.22
0.22
0.32
0.26
0.13
0.11
0.15
0.32
0.29
0.28
0.11
0.23
0.28
0.15
0.03
0.10
0.16
0.14
0.27
0.17
0.31
0.18
0.16
0.18
0.15
0.01
0.25
0.39
0.34
0.18
0.40
0.25
0.14
0.24
0.10
0.36
0.15
0.40
0.12
0.14
0.12
0.30
0.23
-0.02
0.42
0.33
0.35
0.02
0.23
0.26
0.38
0.30
0.17
0.36
0.47
0.20
0.24
0.26
0.26
0.09
0.24
0.16
0.15
0.18
0.19
0.15
0.23
0.25
0.10
0.01
0.25
0.23
0.22
0.05
0.38
0.21
0.26
0.14
0.31
0.29
0.30
0.16
0.35
0.25
0.17
0.43
0.15
0.16
0.32
