0.50
0.75
-0.13
0.93
0.36
0.72
1.22
0.32
0.97
0.79
0.56
0.04
0.27
0.53
0.56
0.71
0.48
0.34
0.75
0.76
0.35
0.65
0.52
0.59
1.25
0.59
0.85
0.79
0.85
0.58
0.57
0.92
0.57
0.53
0.58
0.96
0.56
0.50
0.31
1.26
0.67
1.05
0.83
0.14
1.18
0.88
0.24
0.04
0.66
0.41
0.67
0.12
0.83
0.67
0.79
-0.11
1.04
0.28
0.18
0.70
1.18
0.83
-0.11
0.60
0.65
0.56
0.88
1.21
1.15
0.90
0.68
-0.08
0.83
0.47
0.11
0.63
0.52
0.17
0.26
0.34
0.12
0.98
0.41
0.39
0.52
0.52
1.13
0.57
0.05
0.81
0.56
0.46
0.45
0.88
0.75
1.03
0.67
0.45
1.13
0.30
0.34
0.60
1.35
0.12
0.78
0.33
0.49
0.70
0.68
0.85
0.33
0.22
0.81
0.52
0.84
-0.08
0.33
0.71
0.54
1.18
0.71
0.45
1.24
0.79
0.61
0.46
0.34
1.22
1.66
0.90
1.07
0.42
0.32
0.56
0.82
0.49
0.65
0.84
1.18
0.43
0.92
0.17
0.26
0.17
0.47
0.47
1.32
0.48
0.59
0.68
0.94
0.32
0.79
0.69
0.30
0.75
0.88
0.39
0.91
0.46
0.24
0.26
0.31
1.14
0.66
0.25
0.69
0.93
0.49
1.43
0.59
0.29
1.16
0.57
0.74
0.66
0.17
0.42
0.25
0.58
0.49
0.53
0.42
0.69
0.76
1.09
0.87
0.85
1.33
1.04
1.18
0.47
0.70
0.56
0.29
0.55
0.53
0.90
0.81
0.29
0.80
0.49
0.50
0.18
0.56
0.61
1.03
0.65
0.55
0.41
0.84
0.28
0.71
0.52
0.59
0.39
0.87
1.05
1.17
0.66
0.62
0.53
1.19
0.81
0.63
0.77
1.02
1.03
1.01
0.72
0.74
0.47
0.31
0.67
0.04
0.83
1.10
0.36
0.19
-0.07
0.72
0.50
1.06
0.22
0.60
0.52
0.65
0.87
0.52
0.30
0.90
0.75
0.76
0.85
0.42
0.48
0.18
0.89
0.85
0.69
0.66
0.77
0.52
0.64
1.21
0.55
0.59
0.56
0.19
1.01
0.97
0.92
0.39
0.34
0.50
0.72
0.11
1.32
0.75
0.88
0.25
0.84
0.45
0.67
0.27
0.60
0.49
1.11
0.69
0.75
0.59
0.46
0.77
0.43
0.42
0.36
0.81
0.69
0.43
0.19
0.12
0.33
0.68
1.25
0.75
1.08
0.37
0.85
0.60
0.63
0.84
-0.20
0.89
0.47
1.01
1.20
0.55
0.75
1.44
0.68
0.40
0.45
0.62
0.60
1.10
