0.12
0.13
0.36
0.17
0.04
0.38
0.20
0.05
0.11
0.15
0.18
0.16
0.25
0.18
0.32
0.18
0.20
0.17
0.25
0.03
0.16
-0.06
0.15
0.22
0.26
0.27
0.19
0.26
0.28
0.32
0.05
0.31
0.22
0.09
0.14
-0.01
0.26
0.28
0.06
0.12
0.12
0.13
0.31
0.25
0.28
0.14
0.30
0.11
0.26
0.34
0.09
0.29
0.14
0.31
0.22
0.27
0.22
0.21
0.28
0.27
0.11
0.41
0.34
0.16
0.20
0.18
0.14
0.18
0.07
0.19
0.14
0.40
0.11
0.32
0.21
0.20
0.12
0.20
0.17
0.31
0.10
0.28
0.06
0.32
0.15
0.07
0.26
0.31
0.02
0.09
0.35
0.20
0.29
0.02
0.10
0.07
0.22
0.35
0.14
0.13
0.31
0.08
0.15
0.16
0.32
0.29
0.38
0.31
0.11
0.03
0.09
0.21
0.14
0.41
0.10
0.28
0.09
0.17
0.19
0.22
0.06
0.29
0.04
0.35
0.18
0.11
0.38
0.21
0.37
0.13
0.45
0.13
0.13
0.17
0.17
0.30
0.40
0.16
0.26
0.37
0.34
0.29
0.15
0.21
0.31
0.22
0.12
0.25
0.24
0.33
0.02
0.08
0.21
0.17
0.13
0.35
0.11
0.27
0.26
0.08
0.51
0.13
0.26
0.14
0.19
0.33
0.17
0.13
0.22
0.08
0.39
0.04
0.24
0.40
0.25
0.30
0.31
0.24
0.15
0.07
0.31
0.23
0.11
0.23
0.13
0.27
0.16
0.25
0.27
0.40
0.24
0.20
0.38
0.18
0.22
0.42
0.36
0.19
0.24
0.07
0.44
0.37
0.32
-0.10
0.19
0.40
0.11
0.25
0.07
0.21
0.06
0.27
0.12
0.16
0.33
0.18
0.33
0.25
0.13
0.18
0.11
0.22
0.33
0.29
0.36
0.18
0.08
0.42
0.28
0.33
0.08
0.16
0.10
0.21
0.43
0.20
0.16
0.17
0.31
0.13
0.12
0.12
0.14
0.23
0.16
0.40
0.21
0.21
0.13
0.29
0.17
0.11
0.05
0.25
0.06
0.23
0.25
0.29
0.26
0.38
0.39
0.01
0.10
0.37
0.25
0.10
0.27
0.27
0.15
0.14
0.17
0.32
0.24
0.24
0.32
0.23
0.29
0.07
0.19
0.28
0.26
0.28
0.31
0.21
0.34
0.17
0.09
0.19
0.15
0.15
0.32
0.21
0.16
0.09
0.05
0.21
0.36
0.40
0.25
0.28
0.33
0.36
0.27
0.15
0.27
0.25
0.31
0.19
0.14
0.09
0.15
0.34
0.16
0.31
0.04
0.23
0.18
0.32
0.17
0.02
0.22
0.29
0.19
0.34
0.15
