0.20
0.09
0.46
0.40
-0.05
0.29
0.03
0.49
0.76
0.39
-0.01
0.54
0.25
0.60
0.21
0.71
0.50
0.43
0.35
0.15
0.59
0.63
0.44
0.22
0.38
0.18
0.09
0.26
0.41
0.44
0.76
0.67
0.36
0.29
0.47
0.08
0.19
0.50
0.43
0.45
0.50
1.08
0.63
0.33
0.31
0.09
0.27
0.79
0.72
0.45
0.33
0.53
0.63
0.68
0.29
0.44
0.12
0.66
0.61
0.38
0.45
0.41
0.25
0.37
0.58
0.49
0.52
0.42
0.56
0.55
0.24
0.63
0.52
0.31
0.13
0.02
0.32
0.36
0.41
0.43
0.56
0.68
0.23
0.17
0.47
0.61
0.78
0.24
0.07
0.48
0.68
0.14
-0.08
0.28
0.14
0.60
0.19
0.59
0.58
0.41
0.59
-0.03
0.30
0.29
0.87
-0.23
0.56
0.31
0.21
0.32
0.31
0.16
0.84
0.20
0.46
0.51
0.50
0.19
0.37
0.79
0.76
0.42
0.40
-0.10
0.67
0.24
0.46
0.18
0.72
0.74
0.19
0.24
0.36
0.90
0.43
0.50
0.40
0.31
0.22
0.56
0.73
0.65
0.37
0.56
0.23
0.99
0.67
0.61
0.33
0.62
0.46
0.21
0.05
0.54
0.49
0.32
0.20
0.33
0.33
0.52
0.18
0.55
0.41
0.55
0.20
0.29
0.52
0.52
0.34
0.56
0.54
0.63
0.40
0.50
0.10
0.47
0.58
0.51
0.38
0.55
0.50
0.33
0.69
0.21
0.78
0.16
0.30
0.37
0.41
0.30
0.58
0.51
0.30
0.97
0.26
0.84
0.48
0.59
0.26
0.25
0.64
0.14
0.24
0.08
0.67
0.47
0.78
0.68
0.38
0.42
0.54
0.18
0.61
0.17
0.55
0.64
0.90
0.29
0.42
0.48
0.42
0.84
0.45
0.31
0.28
0.56
0.75
0.46
0.28
0.39
0.47
0.44
0.76
0.44
0.58
0.01
0.38
0.74
0.22
0.58
0.40
0.37
0.55
0.18
0.45
0.39
0.15
-0.01
0.76
0.66
0.28
0.36
0.31
0.14
0.38
0.15
0.37
0.76
0.26
0.29
0.57
0.14
0.62
0.59
0.60
0.33
0.17
0.22
0.41
0.13
0.14
0.36
0.75
0.15
0.50
0.38
0.26
0.24
0.41
0.38
0.23
0.49
0.38
0.52
0.15
0.46
0.08
0.55
0.45
0.65
0.73
0.63
0.46
0.25
0.21
0.67
0.38
0.58
0.60
-0.06
0.48
0.00
0.45
0.36
0.41
0.21
0.34
0.65
0.38
0.29
0.59
0.66
0.05
0.91
0.23
0.26
0.28
0.58
1.14
0.58
0.44
0.77
0.49
0.51
0.34
