1.32
0.82
1.15
0.91
1.00
0.67
0.81
-0.19
0.99
0.60
0.93
0.98
0.97
0.34
0.16
0.11
0.33
1.16
0.32
0.60
0.28
0.54
0.64
0.89
0.12
1.46
0.60
1.01
0.52
0.75
1.23
0.89
1.21
0.68
0.65
1.74
0.86
1.53
0.93
0.86
0.98
0.89
0.83
0.99
0.70
1.02
0.87
0.83
0.99
1.37
0.67
1.11
1.15
0.86
1.03
-0.21
0.51
0.71
-0.00
0.64
1.67
1.26
0.72
0.85
0.62
0.48
0.55
0.63
1.30
0.80
0.13
0.76
0.86
0.40
0.33
1.35
0.90
0.85
0.80
1.17
-0.05
1.21
0.99
0.96
0.60
1.14
0.47
1.14
0.52
1.49
0.21
0.44
0.26
0.76
0.83
1.01
0.99
0.59
0.51
1.60
0.80
1.26
0.61
0.19
0.90
1.42
1.25
1.33
0.25
1.63
0.29
1.12
0.85
0.77
0.09
1.02
0.71
0.17
0.58
1.19
0.65
0.53
0.90
0.94
1.02
1.26
1.53
0.29
0.52
1.32
1.01
1.53
0.38
1.29
0.03
1.38
0.47
0.77
0.42
0.45
0.30
1.15
0.84
1.28
0.87
0.54
0.80
0.45
1.54
0.80
0.59
1.17
0.24
1.24
0.19
0.08
0.93
1.38
0.63
1.15
0.49
0.69
1.39
1.33
0.67
0.68
0.68
0.46
1.14
1.34
0.80
0.26
1.16
0.69
1.16
0.88
1.08
0.97
0.46
0.94
1.38
0.63
0.80
0.93
0.89
1.30
0.77
1.09
0.90
1.04
0.81
0.39
1.13
0.97
-0.19
0.57
0.85
0.61
0.58
0.54
0.95
1.27
1.50
1.27
1.14
0.26
0.46
1.10
0.99
0.83
1.23
0.11
1.31
1.26
1.01
0.56
1.13
0.53
0.86
0.87
0.81
0.45
0.80
1.49
0.45
1.01
1.00
-0.03
1.19
1.61
0.78
0.93
0.54
1.22
1.04
1.72
0.89
0.88
1.28
1.03
0.53
0.43
0.59
1.28
1.17
1.14
0.42
0.92
1.12
0.58
0.11
0.39
0.62
0.58
1.08
0.68
1.22
0.71
0.62
0.72
0.58
0.05
0.99
1.55
1.36
0.72
1.60
1.02
0.58
0.96
0.38
1.45
0.60
1.59
0.47
0.57
0.46
1.18
0.91
-0.08
1.66
1.31
1.41
0.07
0.94
1.04
1.50
1.21
0.67
1.43
1.89
0.79
0.97
1.03
1.04
0.38
0.96
0.62
0.61
0.73
0.76
0.60
0.94
1.01
0.41
0.04
1.01
0.91
0.88
0.19
1.53
0.85
1.05
0.54
1.23
1.14
1.21
0.63
1.41
0.99
0.69
1.72
0.58
0.63
1.28
