0.18
0.29
-0.08
0.26
0.31
0.23
0.21
-0.01
0.12
0.13
0.08
0.08
0.29
0.21
0.01
0.46
0.13
0.07
0.05
0.27
0.21
0.24
0.17
0.18
0.37
0.20
0.22
0.33
0.32
0.08
0.08
0.32
0.04
0.18
0.26
0.02
0.31
0.20
0.18
0.20
0.26
0.14
0.09
0.16
0.23
0.10
0.41
0.03
0.13
0.22
0.31
0.39
0.21
0.25
0.29
0.26
0.11
0.26
0.23
-0.07
0.29
0.20
0.04
0.36
0.30
0.46
0.23
0.33
0.26
0.17
0.20
0.26
0.21
0.27
0.36
0.15
0.18
0.09
0.09
0.14
0.42
0.14
0.23
0.23
0.13
0.06
0.12
0.18
0.10
0.38
0.38
0.00
0.16
0.12
0.17
0.47
0.23
0.17
0.07
0.35
0.33
0.18
0.24
0.17
0.31
0.31
0.28
0.20
0.16
0.24
0.21
0.21
0.09
0.17
0.17
0.34
0.10
0.30
0.16
0.18
0.12
0.19
0.09
0.27
0.46
0.22
0.10
0.16
0.20
0.38
0.35
0.29
0.15
0.40
0.18
0.17
0.13
0.32
0.33
0.27
0.27
0.09
0.08
0.31
0.17
0.23
0.23
0.22
0.02
0.04
0.13
0.11
0.33
0.25
0.18
0.22
0.35
0.26
0.37
0.28
0.14
0.33
0.19
0.26
0.28
0.25
0.31
0.28
0.14
0.14
0.09
-0.02
0.22
0.24
0.29
0.13
0.09
0.06
0.15
0.20
0.31
0.18
0.25
0.18
0.12
0.28
0.24
0.23
0.15
0.23
0.16
0.13
0.15
0.21
0.26
0.33
0.28
0.31
0.31
0.31
0.22
-0.01
0.33
0.18
0.30
0.27
0.14
0.35
0.23
0.36
0.39
0.17
0.21
0.07
0.20
0.23
0.18
0.19
0.17
0.25
0.07
0.28
0.20
0.10
0.24
0.30
0.29
0.18
0.33
0.26
0.32
0.05
0.35
0.05
0.32
0.30
0.31
0.17
0.15
0.17
0.09
0.30
0.10
0.12
0.24
0.11
0.25
0.41
0.32
0.33
0.12
0.13
0.07
0.23
0.25
0.11
0.07
0.30
0.12
0.32
0.19
0.21
0.17
0.09
0.11
0.04
0.12
0.19
0.08
0.14
0.24
0.17
0.22
0.30
0.11
0.20
0.33
0.21
0.39
0.29
0.09
0.24
0.24
0.31
0.31
0.22
0.17
0.30
0.19
0.28
0.19
0.13
0.13
0.34
0.20
0.31
0.17
0.18
0.09
0.32
0.14
0.35
0.35
0.21
0.22
0.25
0.40
0.30
0.27
0.06
0.34
0.35
0.42
0.25
0.24
0.28
0.38
0.22
0.24
0.18
0.10
0.17
0.15
0.29
0.15
