0.10
0.04
0.23
0.20
-0.02
0.14
0.01
0.24
0.38
0.19
-0.00
0.27
0.13
0.30
0.11
0.35
0.25
0.22
0.18
0.08
0.29
0.31
0.22
0.11
0.19
0.09
0.04
0.13
0.21
0.22
0.38
0.33
0.18
0.15
0.23
0.04
0.10
0.25
0.22
0.23
0.25
0.54
0.32
0.16
0.16
0.05
0.13
0.40
0.36
0.22
0.17
0.27
0.31
0.34
0.14
0.22
0.06
0.33
0.30
0.19
0.22
0.21
0.13
0.18
0.29
0.25
0.26
0.21
0.28
0.27
0.12
0.31
0.26
0.15
0.06
0.01
0.16
0.18
0.20
0.21
0.28
0.34
0.11
0.08
0.23
0.30
0.39
0.12
0.03
0.24
0.34
0.07
-0.04
0.14
0.07
0.30
0.10
0.30
0.29
0.20
0.30
-0.02
0.15
0.14
0.44
-0.11
0.28
0.15
0.10
0.16
0.15
0.08
0.42
0.10
0.23
0.25
0.25
0.09
0.18
0.40
0.38
0.21
0.20
-0.05
0.33
0.12
0.23
0.09
0.36
0.37
0.10
0.12
0.18
0.45
0.21
0.25
0.20
0.15
0.11
0.28
0.36
0.33
0.18
0.28
0.11
0.50
0.34
0.31
0.17
0.31
0.23
0.10
0.03
0.27
0.25
0.16
0.10
0.17
0.16
0.26
0.09
0.27
0.21
0.27
0.10
0.15
0.26
0.26
0.17
0.28
0.27
0.32
0.20
0.25
0.05
0.24
0.29
0.26
0.19
0.28
0.25
0.17
0.35
0.10
0.39
0.08
0.15
0.18
0.21
0.15
0.29
0.25
0.15
0.48
0.13
0.42
0.24
0.29
0.13
0.12
0.32
0.07
0.12
0.04
0.34
0.24
0.39
0.34
0.19
0.21
0.27
0.09
0.31
0.08
0.27
0.32
0.45
0.15
0.21
0.24
0.21
0.42
0.23
0.16
0.14
0.28
0.37
0.23
0.14
0.20
0.23
0.22
0.38
0.22
0.29
0.00
0.19
0.37
0.11
0.29
0.20
0.18
0.28
0.09
0.22
0.20
0.08
-0.01
0.38
0.33
0.14
0.18
0.15
0.07
0.19
0.08
0.18
0.38
0.13
0.15
0.29
0.07
0.31
0.30
0.30
0.17
0.08
0.11
0.21
0.06
0.07
0.18
0.37
0.08
0.25
0.19
0.13
0.12
0.21
0.19
0.12
0.24
0.19
0.26
0.07
0.23
0.04
0.27
0.23
0.32
0.37
0.31
0.23
0.12
0.10
0.34
0.19
0.29
0.30
-0.03
0.24
0.00
0.22
0.18
0.20
0.10
0.17
0.32
0.19
0.15
0.29
0.33
0.03
0.46
0.12
0.13
0.14
0.29
0.57
0.29
0.22
0.39
0.25
0.25
0.17
