2.08
2.01
2.01
1.97
2.10
2.05
2.04
2.07
2.01
1.99
1.99
2.03
1.96
2.06
1.98
2.09
2.07
2.06
2.07
2.01
2.06
1.97
2.02
2.09
1.93
2.03
1.99
2.05
2.05
2.04
1.98
2.05
1.99
2.01
2.07
1.98
2.06
2.01
2.06
2.02
2.06
2.02
2.01
2.05
1.18
2.05
1.99
2.09
2.04
1.96
2.04
1.99
2.04
1.97
1.99
2.06
1.94
2.00
2.09
2.07
1.96
2.01
1.99
2.02
2.02
2.01
1.99
0.96
1.97
2.05
1.98
2.06
1.97
1.96
39.28
2.05
2.01
2.05
2.03
2.00
1.99
1.92
2.05
1.98
2.06
2.01
2.05
1.98
1.98
1.93
1.99
2.03
2.02
1.96
2.00
1.97
1.99
2.04
2.01
2.01
2.03
2.04
2.10
1.94
2.03
2.05
2.03
2.00
2.05
2.04
2.08
2.02
2.02
2.01
2.06
2.05
1.99
2.02
1.98
2.08
2.03
2.08
1.97
2.00
2.05
2.02
1.95
2.01
1.97
0.54
1.97
1.97
1.97
1.98
1.98
2.04
2.06
2.00
2.04
1.94
1.97
1.98
2.05
1.97
1.99
1.98
2.02
2.01
1.95
2.08
1.95
2.09
2.02
2.05
2.04
2.03
2.00
1.98
1.97
2.00
2.01
2.01
2.05
2.05
2.09
1.96
2.11
2.02
2.00
2.00
1.96
1.98
1.99
1.99
2.02
2.06
1.98
2.08
1.97
2.11
1.53
2.02
2.04
1.98
1.98
2.02
2.05
2.03
2.03
2.03
2.04
1.94
2.03
2.03
2.02
2.00
2.03
2.07
1.97
1.98
2.00
2.03
1.98
2.03
2.02
2.02
2.01
2.02
2.03
1.92
2.00
2.10
2.00
2.06
2.02
2.00
1.97
1.77
2.03
2.08
2.06
1.98
1.98
1.97
1.99
2.03
1.99
2.00
1.37
2.10
2.06
2.04
1.99
2.01
1.94
2.01
2.02
2.05
2.06
2.01
2.05
1.94
2.04
2.00
2.05
2.03
2.10
1.98
2.06
2.08
2.03
1.93
1.99
2.04
2.00
2.08
1.99
2.00
2.02
2.02
1.95
2.01
2.11
2.03
2.01
2.06
2.03
2.02
2.06
1.97
2.05
1.95
2.02
2.05
1.98
1.91
2.03
2.04
1.95
1.97
2.07
1.95
0.78
2.04
2.01
2.02
2.05
1.94
2.01
2.05
1.92
2.06
1.95
1.99
1.93
1.97
1.98
1.94
2.04
2.07
2.07
1.97
2.08
2.05
2.01
1.98
2.05
1.95
1.98
2.05
2.04
1.99
2.07
2.04
2.14
1.99
2.03
1.98
2.04
2.09
2.05
