2.09
2.02
2.03
1.98
2.12
2.06
2.06
2.09
2.02
2.01
2.00
2.04
1.98
2.08
2.00
2.10
2.08
2.08
2.09
2.02
2.07
1.99
2.03
2.11
1.95
2.04
2.01
2.07
2.07
2.05
1.99
2.06
2.00
2.03
2.09
1.99
2.08
2.03
2.08
2.04
2.07
2.04
2.03
2.07
1.18
2.07
2.01
2.11
2.06
1.98
2.06
2.01
2.06
1.99
2.00
2.07
1.95
2.01
2.10
2.09
1.97
2.03
2.01
2.04
2.03
2.03
2.00
0.95
1.99
2.06
1.99
2.08
1.98
1.98
39.82
2.06
2.03
2.07
2.05
2.02
2.00
1.93
2.07
2.00
2.07
2.02
2.07
2.00
2.00
1.95
2.01
2.05
2.04
1.98
2.01
1.99
2.01
2.05
2.03
2.02
2.04
2.06
2.12
1.96
2.04
2.07
2.05
2.01
2.07
2.06
2.09
2.04
2.04
2.03
2.08
2.07
2.00
2.04
2.00
2.10
2.04
2.09
1.99
2.02
2.07
2.04
1.97
2.03
1.99
0.56
1.99
1.99
1.98
2.00
2.00
2.05
2.08
2.02
2.06
1.96
1.98
2.00
2.07
1.99
2.01
1.99
2.03
2.03
1.97
2.09
1.96
2.10
2.04
2.06
2.05
2.04
2.02
2.00
1.99
2.01
2.03
2.02
2.07
2.07
2.11
1.98
2.12
2.04
2.02
2.01
1.98
2.00
2.01
2.00
2.04
2.08
2.00
2.10
1.98
2.12
1.58
2.04
2.05
2.00
2.00
2.04
2.07
2.04
2.04
2.04
2.05
1.96
2.05
2.04
2.03
2.02
2.05
2.08
1.99
2.00
2.02
2.05
2.00
2.05
2.03
2.03
2.03
2.04
2.04
1.94
2.02
2.11
2.01
2.07
2.04
2.02
1.98
1.78
2.05
2.09
2.08
2.00
2.00
1.98
2.01
2.05
2.01
2.01
1.37
2.12
2.08
2.05
2.01
2.02
1.95
2.03
2.03
2.07
2.08
2.03
2.07
1.96
2.05
2.02
2.06
2.04
2.11
1.99
2.07
2.10
2.05
1.94
2.00
2.06
2.01
2.09
2.01
2.02
2.04
2.04
2.00
2.03
2.12
2.05
2.02
2.07
2.05
2.04
2.07
1.99
2.06
1.97
2.03
2.06
1.99
1.92
2.05
2.06
1.97
1.98
2.09
1.96
0.81
2.06
2.03
2.03
2.07
1.96
2.02
2.07
1.94
2.07
1.97
2.01
1.95
1.98
2.00
1.95
2.06
2.08
2.08
1.98
2.10
2.07
2.02
2.00
2.07
1.97
2.00
2.07
2.06
2.00
2.09
2.05
4.13
2.00
2.04
2.00
2.05
2.10
2.06
