2.07
2.00
2.01
1.96
2.09
2.04
2.04
2.07
2.00
1.99
1.98
2.02
1.96
2.06
1.98
2.08
2.06
2.05
2.07
2.00
2.05
1.97
2.01
2.08
1.93
2.02
1.99
2.05
2.05
2.03
1.97
2.04
1.98
2.00
2.07
1.97
2.06
2.01
2.06
2.02
2.05
2.02
2.01
2.05
1.19
2.05
1.99
2.09
2.04
1.96
2.04
1.99
2.04
1.97
1.98
2.05
1.93
1.99
2.08
2.07
1.95
2.01
1.99
2.02
2.01
2.01
1.98
1.02
1.97
2.04
1.97
2.06
1.96
1.96
14.28
2.04
2.01
2.05
2.03
2.00
1.98
1.91
2.05
1.97
2.05
2.00
2.05
1.97
1.98
1.92
1.99
2.03
2.01
1.96
1.99
1.97
1.99
2.03
2.01
2.00
2.02
2.04
2.10
1.94
2.02
2.05
2.03
1.99
2.05
2.04
2.07
2.02
2.02
2.01
2.05
2.04
1.98
2.02
1.98
2.08
2.02
2.07
1.97
2.00
2.05
2.02
1.95
2.00
1.96
0.54
1.97
1.96
1.96
1.97
1.97
2.03
2.05
2.00
2.04
1.94
1.96
1.98
2.05
1.97
1.98
1.97
2.01
2.01
1.95
2.07
1.94
2.08
2.02
2.04
2.03
2.02
1.99
1.97
1.96
1.99
2.00
2.00
2.05
2.04
2.09
1.96
2.10
2.02
1.99
1.99
1.95
1.97
1.99
1.98
2.02
2.06
1.98
2.08
1.96
2.10
1.62
2.02
2.03
1.98
1.97
2.02
2.05
2.02
2.02
2.02
2.03
1.94
2.03
2.02
2.01
1.99
2.03
2.06
1.96
1.97
1.99
2.03
1.98
2.03
2.01
2.01
2.01
2.02
2.02
1.92
2.00
2.09
1.99
2.05
2.02
2.00
1.96
1.77
2.02
2.07
2.05
1.98
1.97
1.96
1.98
2.03
1.99
1.99
1.45
2.10
2.06
2.03
1.99
2.00
1.93
2.01
2.01
2.05
2.05
2.01
2.04
1.94
2.03
2.00
2.04
2.02
2.09
1.97
2.05
2.08
2.02
1.92
1.98
2.03
1.99
2.07
1.99
2.00
2.02
2.02
1.92
2.00
2.10
2.03
2.00
2.05
2.03
2.02
2.05
1.96
2.04
1.95
2.01
2.04
1.97
1.90
2.03
2.03
1.95
1.96
2.07
1.94
0.78
2.04
2.01
2.01
2.04
1.94
2.00
2.05
1.92
2.05
1.95
1.98
1.92
1.96
1.98
1.93
2.04
2.06
2.06
1.96
2.08
2.05
2.00
1.98
2.04
1.94
1.98
2.05
2.04
1.98
2.07
2.03
3.89
1.98
2.02
1.98
2.03
2.08
2.04
