2.12
2.05
2.05
2.01
2.14
2.08
2.08
2.11
2.05
2.03
2.03
2.06
2.00
2.10
2.02
2.13
2.11
2.10
2.11
2.05
2.10
2.01
2.06
2.13
1.98
2.07
2.03
2.09
2.09
2.08
2.02
2.09
2.03
2.05
2.11
2.02
2.10
2.05
2.10
2.06
2.10
2.06
2.05
2.09
1.25
2.09
2.03
2.13
2.08
2.00
2.08
2.03
2.08
2.01
2.03
2.10
1.98
2.03
2.12
2.11
2.00
2.05
2.03
2.06
2.06
2.05
2.03
1.03
2.01
2.08
2.02
2.10
2.01
2.00
42.88
2.09
2.05
2.09
2.07
2.04
2.03
1.96
2.09
2.02
2.10
2.05
2.09
2.02
2.02
1.97
2.03
2.07
2.06
2.00
2.04
2.01
2.03
2.08
2.05
2.05
2.07
2.08
2.14
1.98
2.06
2.09
2.07
2.04
2.09
2.08
2.11
2.06
2.06
2.05
2.10
2.09
2.03
2.06
2.02
2.12
2.06
2.12
2.01
2.04
2.09
2.06
2.00
2.05
2.01
0.60
2.01
2.01
2.01
2.02
2.02
2.08
2.10
2.04
2.08
1.98
2.01
2.02
2.09
2.01
2.03
2.02
2.06
2.05
1.99
2.11
1.99
2.12
2.06
2.09
2.08
2.07
2.04
2.02
2.01
2.04
2.05
2.05
2.09
2.09
2.13
2.00
2.15
2.06
2.04
2.04
2.00
2.02
2.03
2.03
2.06
2.10
2.02
2.12
2.01
2.14
1.61
2.06
2.08
2.02
2.02
2.06
2.09
2.06
2.07
2.06
2.08
1.98
2.07
2.06
2.06
2.04
2.07
2.10
2.01
2.02
2.04
2.07
2.02
2.07
2.05
2.05
2.05
2.06
2.07
1.96
2.04
2.13
2.03
2.10
2.06
2.04
2.01
1.84
2.07
2.12
2.10
2.02
2.02
2.01
2.03
2.07
2.03
2.04
1.45
2.14
2.10
2.08
2.03
2.05
1.98
2.05
2.05
2.09
2.10
2.05
2.09
1.98
2.08
2.04
2.08
2.06
2.13
2.02
2.10
2.12
2.07
1.97
2.03
2.08
2.04
2.12
2.03
2.04
2.06
2.06
2.03
2.05
2.14
2.07
2.05
2.09
2.07
2.06
2.10
2.01
2.09
2.00
2.06
2.08
2.02
1.95
2.07
2.08
1.99
2.01
2.11
1.99
0.84
2.08
2.05
2.06
2.09
1.99
2.05
2.09
1.96
2.09
1.99
2.03
1.97
2.01
2.02
1.98
2.08
2.11
2.10
2.01
2.12
2.09
2.05
2.02
2.09
1.99
2.02
2.09
2.08
2.02
2.11
2.08
3.91
2.03
2.07
2.02
2.07
2.12
2.09
