2.04
1.97
1.98
1.93
2.07
2.01
2.01
2.04
1.97
1.96
1.95
1.99
1.92
2.03
1.95
2.05
2.03
2.02
2.04
1.97
2.02
1.94
1.98
2.06
1.90
1.99
1.96
2.02
2.02
2.00
1.94
2.01
1.95
1.97
2.04
1.94
2.03
1.98
2.03
1.99
2.02
1.99
1.98
2.02
1.13
2.02
1.96
2.06
2.01
1.93
2.01
1.96
2.01
1.93
1.95
2.02
1.90
1.96
2.05
2.04
1.92
1.98
1.96
1.99
1.98
1.98
1.95
0.90
1.94
2.01
1.94
2.03
1.93
1.92
11.56
2.01
1.98
2.02
2.00
1.97
1.95
1.88
2.02
1.94
2.02
1.97
2.02
1.94
1.95
1.89
1.95
2.00
1.98
1.92
1.96
1.94
1.96
2.00
1.98
1.97
1.99
2.01
2.07
1.91
1.99
2.02
2.00
1.96
2.02
2.01
2.04
1.99
1.99
1.98
2.03
2.01
1.95
1.99
1.95
2.05
1.99
2.04
1.94
1.97
2.02
1.99
1.92
1.97
1.93
0.56
1.94
1.93
1.93
1.94
1.94
2.00
2.02
1.97
2.01
1.90
1.93
1.95
2.02
1.94
1.95
1.94
1.98
1.98
1.91
2.04
1.91
2.05
1.99
2.01
2.00
1.99
1.96
1.94
1.93
1.96
1.97
1.97
2.02
2.02
2.06
1.93
2.07
1.99
1.96
1.96
1.92
1.94
1.96
1.95
1.99
2.03
1.95
2.05
1.93
2.07
1.53
1.99
2.00
1.95
1.94
1.99
2.02
1.99
1.99
1.99
2.00
1.91
2.00
1.99
1.98
1.96
2.00
2.03
1.93
1.94
1.96
2.00
1.94
2.00
1.98
1.98
1.98
1.99
1.99
1.88
1.97
2.06
1.96
2.02
1.99
1.96
1.93
1.77
1.99
2.04
2.02
1.95
1.94
1.93
1.95
2.00
1.96
1.96
1.31
2.07
2.03
2.00
1.96
1.97
1.90
1.98
1.98
2.02
2.03
1.98
2.01
1.91
2.00
1.97
2.01
1.99
2.06
1.94
2.02
2.05
2.00
1.89
1.95
2.00
1.96
2.04
1.96
1.97
1.99
1.99
1.96
1.97
2.07
2.00
1.97
2.02
2.00
1.99
2.02
1.93
2.01
1.92
1.98
2.01
1.94
1.87
2.00
2.00
1.92
1.93
2.04
1.91
0.78
2.01
1.98
1.98
2.01
1.91
1.97
2.02
1.89
2.02
1.91
1.95
1.89
1.93
1.94
1.90
2.01
2.03
2.03
1.93
2.05
2.02
1.97
1.95
2.02
1.91
1.94
2.02
2.01
1.95
2.04
2.00
2.19
1.95
1.99
1.95
2.00
2.05
2.01
