2.10
2.03
2.03
1.99
2.12
2.07
2.07
2.09
2.03
2.02
2.01
2.05
1.99
2.09
2.01
2.11
2.09
2.08
2.09
2.03
2.08
2.00
2.04
2.11
1.96
2.05
2.02
2.07
2.08
2.06
2.00
2.07
2.01
2.03
2.10
2.00
2.08
2.04
2.09
2.05
2.08
2.04
2.03
2.07
1.21
2.07
2.02
2.11
2.06
1.99
2.07
2.02
2.06
2.00
2.01
2.08
1.96
2.02
2.11
2.09
1.98
2.04
2.02
2.04
2.04
2.04
2.01
1.03
2.00
2.07
2.00
2.09
1.99
1.99
9.37
2.07
2.04
2.07
2.06
2.03
2.01
1.94
2.08
2.00
2.08
2.03
2.08
2.00
2.01
1.95
2.01
2.06
2.04
1.98
2.02
2.00
2.02
2.06
2.04
2.03
2.05
2.07
2.12
1.97
2.05
2.08
2.06
2.02
2.07
2.06
2.10
2.05
2.05
2.04
2.08
2.07
2.01
2.04
2.01
2.10
2.05
2.10
2.00
2.03
2.08
2.05
1.98
2.03
1.99
0.66
2.00
1.99
1.99
2.00
2.00
2.06
2.08
2.03
2.07
1.97
1.99
2.01
2.07
2.00
2.01
2.00
2.04
2.04
1.98
2.10
1.97
2.11
2.04
2.07
2.06
2.05
2.02
2.00
1.99
2.02
2.03
2.03
2.08
2.07
2.11
1.99
2.13
2.05
2.02
2.02
1.98
2.00
2.02
2.01
2.05
2.09
2.01
2.10
1.99
2.13
1.56
2.04
2.06
2.01
2.00
2.05
2.07
2.05
2.05
2.05
2.06
1.97
2.05
2.05
2.04
2.02
2.06
2.09
1.99
2.00
2.02
2.05
2.00
2.06
2.04
2.04
2.03
2.04
2.05
1.95
2.03
2.12
2.02
2.08
2.04
2.02
1.99
1.82
2.05
2.10
2.08
2.01
2.00
1.99
2.01
2.06
2.02
2.02
1.45
2.12
2.09
2.06
2.02
2.03
1.96
2.04
2.04
2.07
2.08
2.04
2.07
1.97
2.06
2.03
2.07
2.05
2.12
2.00
2.08
2.11
2.05
1.95
2.01
2.06
2.02
2.10
2.02
2.03
2.05
2.05
1.95
2.03
2.13
2.05
2.03
2.08
2.05
2.05
2.08
1.99
2.07
1.98
2.04
2.07
2.00
1.93
2.06
2.06
1.98
1.99
2.09
1.97
0.83
2.07
2.04
2.04
2.07
1.97
2.03
2.07
1.95
2.08
1.98
2.01
1.95
1.99
2.00
1.96
2.07
2.09
2.09
1.99
2.11
2.07
2.03
2.01
2.07
1.97
2.00
2.08
2.07
2.01
2.09
2.06
4.94
2.01
2.05
2.01
2.06
2.11
2.07
