2.05
1.98
1.98
1.94
2.07
2.02
2.01
2.04
1.98
1.96
1.95
2.00
1.93
2.03
1.95
2.06
2.04
2.03
2.04
1.98
2.03
1.94
1.99
2.06
1.90
2.00
1.96
2.02
2.02
2.01
1.95
2.02
1.96
1.98
2.04
1.95
2.03
1.98
2.03
1.99
2.03
1.99
1.98
2.02
1.12
2.02
1.96
2.06
2.01
1.93
2.01
1.96
2.01
1.94
1.96
2.03
1.91
1.96
2.06
2.04
1.92
1.98
1.96
1.99
1.99
1.98
1.96
0.97
1.94
2.02
1.95
2.03
1.94
1.93
8.43
2.02
1.98
2.02
2.00
1.97
1.96
1.89
2.02
1.95
2.03
1.98
2.02
1.95
1.95
1.90
1.96
2.00
1.99
1.93
1.97
1.94
1.96
2.01
1.98
1.98
2.00
2.01
2.07
1.91
2.00
2.02
2.00
1.97
2.02
2.01
2.05
1.99
1.99
1.98
2.03
2.02
1.96
1.99
1.95
2.05
2.00
2.05
1.94
1.97
2.03
1.99
1.92
1.98
1.94
0.53
1.94
1.94
1.94
1.95
1.95
2.01
2.03
1.97
2.01
1.91
1.94
1.95
2.02
1.94
1.96
1.95
1.99
1.98
1.92
2.05
1.92
2.06
1.99
2.02
2.01
2.00
1.97
1.95
1.94
1.97
1.98
1.98
2.02
2.02
2.06
1.93
2.08
1.99
1.97
1.97
1.93
1.95
1.96
1.95
1.99
2.04
1.95
2.05
1.94
2.08
1.55
1.99
2.01
1.95
1.95
1.99
2.02
2.00
2.00
2.00
2.01
1.91
2.00
2.00
1.99
1.97
2.00
2.04
1.94
1.95
1.97
2.00
1.95
2.00
1.99
1.99
1.98
1.99
2.00
1.89
1.97
2.07
1.96
2.03
1.99
1.97
1.94
1.74
2.00
2.05
2.03
1.95
1.95
1.94
1.96
2.00
1.96
1.97
1.38
2.07
2.03
2.01
1.96
1.98
1.91
1.98
1.99
2.02
2.03
1.98
2.02
1.91
2.01
1.97
2.02
2.00
2.07
1.95
2.03
2.05
2.00
1.90
1.96
2.01
1.97
2.05
1.96
1.97
1.99
1.99
1.96
1.98
2.08
2.00
1.98
2.03
2.00
1.99
2.03
1.94
2.02
1.92
1.99
2.02
1.95
1.88
2.00
2.01
1.92
1.93
2.04
1.91
0.78
2.01
1.98
1.99
2.02
1.91
1.98
2.02
1.89
2.03
1.92
1.96
1.90
1.94
1.95
1.91
2.01
2.04
2.04
1.94
2.05
2.02
1.98
1.95
2.02
1.92
1.95
2.02
2.01
1.95
2.04
2.01
2.93
1.96
2.00
1.95
2.01
2.06
2.02
