2.05
1.98
1.99
1.94
2.08
2.02
2.02
2.05
1.98
1.97
1.96
2.00
1.94
2.04
1.96
2.07
2.05
2.04
2.05
1.98
2.04
1.95
1.99
2.07
1.91
2.00
1.97
2.03
2.03
2.01
1.95
2.03
1.96
1.99
2.05
1.95
2.04
1.99
2.04
2.00
2.03
2.00
1.99
2.03
1.08
2.03
1.97
2.07
2.02
1.94
2.02
1.97
2.02
1.95
1.96
2.04
1.91
1.97
2.06
2.05
1.93
1.99
1.97
2.00
1.99
1.99
1.96
0.94
1.95
2.02
1.95
2.04
1.94
1.94
20.81
2.03
1.99
2.03
2.01
1.98
1.96
1.89
2.03
1.96
2.03
1.98
2.03
1.96
1.96
1.90
1.97
2.01
2.00
1.94
1.97
1.95
1.97
2.01
1.99
1.98
2.00
2.02
2.08
1.92
2.00
2.03
2.01
1.97
2.03
2.02
2.05
2.00
2.00
1.99
2.04
2.03
1.96
2.00
1.96
2.06
2.00
2.06
1.95
1.98
2.03
2.00
1.93
1.99
1.94
0.51
1.95
1.95
1.94
1.95
1.96
2.02
2.04
1.98
2.02
1.92
1.94
1.96
2.03
1.95
1.97
1.95
1.99
1.99
1.93
2.05
1.92
2.06
2.00
2.03
2.01
2.00
1.98
1.96
1.95
1.97
1.99
1.98
2.03
2.03
2.07
1.94
2.09
2.00
1.97
1.97
1.93
1.95
1.97
1.96
2.00
2.04
1.96
2.06
1.94
2.08
1.50
2.00
2.01
1.96
1.95
2.00
2.03
2.00
2.00
2.00
2.01
1.92
2.01
2.00
1.99
1.97
2.01
2.04
1.95
1.95
1.97
2.01
1.96
2.01
1.99
1.99
1.99
2.00
2.00
1.90
1.98
2.07
1.97
2.04
2.00
1.98
1.94
1.72
2.01
2.06
2.04
1.96
1.96
1.94
1.97
2.01
1.97
1.97
1.37
2.08
2.04
2.01
1.97
1.98
1.91
1.99
1.99
2.03
2.04
1.99
2.03
1.92
2.01
1.98
2.02
2.00
2.07
1.95
2.04
2.06
2.01
1.90
1.96
2.02
1.97
2.05
1.97
1.98
2.00
2.00
1.93
1.99
2.08
2.01
1.98
2.03
2.01
2.00
2.04
1.95
2.02
1.93
1.99
2.02
1.95
1.88
2.01
2.02
1.93
1.94
2.05
1.92
0.74
2.02
1.99
1.99
2.03
1.92
1.98
2.03
1.90
2.03
1.93
1.97
1.91
1.94
1.96
1.91
2.02
2.04
2.04
1.94
2.06
2.03
1.98
1.96
2.03
1.92
1.96
2.03
2.02
1.96
2.05
2.01
3.44
1.96
2.00
1.96
2.01
2.06
2.03
