2.10
2.03
2.03
1.99
2.12
2.07
2.06
2.09
2.03
2.01
2.01
2.04
1.98
2.08
2.00
2.11
2.09
2.08
2.09
2.03
2.08
1.99
2.04
2.11
1.96
2.05
2.01
2.07
2.07
2.06
2.00
2.07
2.01
2.03
2.09
2.00
2.08
2.03
2.08
2.04
2.08
2.04
2.03
2.07
1.22
2.07
2.01
2.11
2.06
1.98
2.06
2.01
2.06
1.99
2.01
2.08
1.96
2.01
2.11
2.09
1.98
2.03
2.01
2.04
2.04
2.03
2.01
0.97
1.99
2.06
2.00
2.08
1.99
1.98
2.13
2.07
2.03
2.07
2.05
2.02
2.01
1.94
2.07
2.00
2.08
2.03
2.07
2.00
2.00
1.95
2.01
2.05
2.04
1.98
2.02
1.99
2.01
2.06
2.03
2.03
2.05
2.06
2.12
1.96
2.05
2.07
2.05
2.02
2.07
2.06
2.09
2.04
2.04
2.03
2.08
2.07
2.01
2.04
2.00
2.10
2.05
2.10
1.99
2.02
2.07
2.04
1.98
2.03
1.99
0.60
1.99
1.99
1.99
2.00
2.00
2.06
2.08
2.02
2.06
1.96
1.99
2.00
2.07
1.99
2.01
2.00
2.04
2.03
1.97
2.09
1.97
2.11
2.04
2.07
2.06
2.05
2.02
2.00
1.99
2.02
2.03
2.03
2.07
2.07
2.11
1.98
2.13
2.04
2.02
2.02
1.98
2.00
2.01
2.01
2.04
2.08
2.00
2.10
1.99
2.13
1.58
2.04
2.06
2.00
2.00
2.04
2.07
2.04
2.05
2.04
2.06
1.96
2.05
2.04
2.04
2.02
2.05
2.08
1.99
2.00
2.02
2.05
2.00
2.05
2.04
2.04
2.03
2.04
2.05
1.94
2.02
2.11
2.01
2.08
2.04
2.02
1.99
1.85
2.05
2.10
2.08
2.00
2.00
1.99
2.01
2.05
2.01
2.02
1.38
2.12
2.08
2.06
2.01
2.03
1.96
2.03
2.04
2.07
2.08
2.03
2.07
1.96
2.06
2.02
2.06
2.04
2.12
2.00
2.08
2.10
2.05
1.95
2.01
2.06
2.02
2.10
2.01
2.02
2.04
2.04
2.00
2.03
2.13
2.05
2.03
2.07
2.05
2.04
2.08
1.99
2.07
1.98
2.04
2.07
2.00
1.93
2.05
2.06
1.97
1.99
2.09
1.97
0.76
2.06
2.03
2.04
2.07
1.96
2.03
2.07
1.94
2.07
1.97
2.01
1.95
1.99
2.00
1.96
2.06
2.09
2.09
1.99
2.10
2.07
2.03
2.00
2.07
1.97
2.00
2.07
2.06
2.00
2.09
2.06
2.27
2.01
2.05
2.00
2.05
2.10
2.07
