2.10
2.03
2.04
1.99
2.13
2.07
2.07
2.10
2.04
2.02
2.01
2.05
1.99
2.09
2.01
2.12
2.10
2.09
2.10
2.04
2.09
2.00
2.04
2.12
1.96
2.05
2.02
2.08
2.08
2.07
2.01
2.08
2.01
2.04
2.10
2.01
2.09
2.04
2.09
2.05
2.08
2.05
2.04
2.08
1.26
2.08
2.02
2.12
2.07
1.99
2.07
2.02
2.07
2.00
2.01
2.09
1.97
2.02
2.11
2.10
1.98
2.04
2.02
2.05
2.04
2.04
2.02
0.98
2.00
2.07
2.00
2.09
2.00
1.99
34.45
2.08
2.04
2.08
2.06
2.03
2.01
1.95
2.08
2.01
2.08
2.03
2.08
2.01
2.01
1.96
2.02
2.06
2.05
1.99
2.02
2.00
2.02
2.07
2.04
2.03
2.06
2.07
2.13
1.97
2.05
2.08
2.06
2.02
2.08
2.07
2.10
2.05
2.05
2.04
2.09
2.08
2.02
2.05
2.01
2.11
2.05
2.10
2.00
2.03
2.08
2.05
1.98
2.04
2.00
0.64
2.00
2.00
1.99
2.01
2.01
2.07
2.09
2.03
2.07
1.97
2.00
2.01
2.08
2.00
2.02
2.00
2.05
2.04
1.98
2.10
1.98
2.11
2.05
2.08
2.07
2.05
2.03
2.01
2.00
2.02
2.04
2.03
2.08
2.08
2.12
1.99
2.13
2.05
2.03
2.02
1.99
2.01
2.02
2.01
2.05
2.09
2.01
2.11
1.99
2.13
1.53
2.05
2.06
2.01
2.01
2.05
2.08
2.05
2.06
2.05
2.06
1.97
2.06
2.05
2.04
2.03
2.06
2.09
2.00
2.01
2.03
2.06
2.01
2.06
2.04
2.04
2.04
2.05
2.05
1.95
2.03
2.12
2.02
2.09
2.05
2.03
1.99
1.75
2.06
2.10
2.09
2.01
2.01
2.00
2.02
2.06
2.02
2.02
1.45
2.13
2.09
2.06
2.02
2.04
1.97
2.04
2.04
2.08
2.09
2.04
2.08
1.97
2.06
2.03
2.07
2.05
2.12
2.00
2.09
2.11
2.06
1.96
2.01
2.07
2.02
2.10
2.02
2.03
2.05
2.05
1.96
2.04
2.13
2.06
2.04
2.08
2.06
2.05
2.09
2.00
2.07
1.98
2.04
2.07
2.00
1.94
2.06
2.07
1.98
1.99
2.10
1.97
0.78
2.07
2.04
2.04
2.08
1.97
2.04
2.08
1.95
2.08
1.98
2.02
1.96
2.00
2.01
1.97
2.07
2.09
2.09
2.00
2.11
2.08
2.03
2.01
2.08
1.98
2.01
2.08
2.07
2.01
2.10
2.07
2.61
2.01
2.05
2.01
2.06
2.11
2.08
