2.09
2.02
2.02
1.98
2.11
2.06
2.05
2.08
2.02
2.00
2.00
2.03
1.97
2.07
1.99
2.10
2.08
2.07
2.08
2.02
2.07
1.98
2.03
2.10
1.94
2.04
2.00
2.06
2.06
2.05
1.99
2.06
2.00
2.02
2.08
1.99
2.07
2.02
2.07
2.03
2.07
2.03
2.02
2.06
1.18
2.06
2.00
2.10
2.05
1.97
2.05
2.00
2.05
1.98
2.00
2.07
1.95
2.01
2.10
2.08
1.97
2.02
2.00
2.03
2.03
2.02
2.00
0.98
1.98
2.06
1.99
2.07
1.98
1.97
17.06
2.06
2.02
2.06
2.04
2.01
2.00
1.93
2.06
1.99
2.07
2.02
2.06
1.99
1.99
1.94
2.00
2.04
2.03
1.97
2.01
1.98
2.00
2.05
2.02
2.02
2.04
2.05
2.11
1.95
2.04
2.06
2.04
2.01
2.06
2.05
2.09
2.03
2.03
2.02
2.07
2.06
2.00
2.03
1.99
2.09
2.04
2.09
1.98
2.01
2.06
2.03
1.97
2.02
1.98
0.57
1.98
1.98
1.98
1.99
1.99
2.05
2.07
2.01
2.05
1.95
1.98
1.99
2.06
1.98
2.00
1.99
2.03
2.02
1.96
2.08
1.96
2.10
2.03
2.06
2.05
2.04
2.01
1.99
1.98
2.01
2.02
2.02
2.06
2.06
2.10
1.97
2.12
2.03
2.01
2.01
1.97
1.99
2.00
2.00
2.03
2.07
1.99
2.09
1.98
2.12
1.53
2.03
2.05
1.99
1.99
2.03
2.06
2.03
2.04
2.04
2.05
1.95
2.04
2.04
2.03
2.01
2.04
2.07
1.98
1.99
2.01
2.04
1.99
2.04
2.03
2.03
2.02
2.03
2.04
1.93
2.01
2.10
2.01
2.07
2.03
2.01
1.98
1.79
2.04
2.09
2.07
1.99
1.99
1.98
2.00
2.04
2.00
2.01
1.41
2.11
2.07
2.05
2.00
2.02
1.95
2.02
2.03
2.06
2.07
2.02
2.06
1.95
2.05
2.01
2.06
2.03
2.11
1.99
2.07
2.09
2.04
1.94
2.00
2.05
2.01
2.09
2.00
2.01
2.03
2.03
1.96
2.02
2.12
2.04
2.02
2.06
2.04
2.03
2.07
1.98
2.06
1.97
2.03
2.06
1.99
1.92
2.04
2.05
1.96
1.98
2.08
1.96
0.79
2.05
2.02
2.03
2.06
1.95
2.02
2.06
1.93
2.07
1.96
2.00
1.94
1.98
1.99
1.95
2.05
2.08
2.08
1.98
2.09
2.06
2.02
1.99
2.06
1.96
1.99
2.06
2.05
2.00
2.08
2.05
2.75
2.00
2.04
1.99
2.05
2.09
2.06
