2.07
2.00
2.00
1.96
2.09
2.04
2.04
2.07
2.00
1.99
1.98
2.02
1.95
2.06
1.98
2.08
2.06
2.05
2.06
2.00
2.05
1.97
2.01
2.08
1.93
2.02
1.99
2.04
2.05
2.03
1.97
2.04
1.98
2.00
2.07
1.97
2.05
2.00
2.06
2.02
2.05
2.01
2.00
2.04
1.15
2.04
1.99
2.08
2.03
1.96
2.04
1.99
2.03
1.96
1.98
2.05
1.93
1.99
2.08
2.06
1.95
2.01
1.99
2.01
2.01
2.01
1.98
0.96
1.97
2.04
1.97
2.06
1.96
1.95
12.70
2.04
2.01
2.04
2.03
1.99
1.98
1.91
2.05
1.97
2.05
2.00
2.05
1.97
1.98
1.92
1.98
2.03
2.01
1.95
1.99
1.97
1.99
2.03
2.01
2.00
2.02
2.04
2.10
1.94
2.02
2.05
2.03
1.99
2.04
2.03
2.07
2.01
2.02
2.00
2.05
2.04
1.98
2.01
1.97
2.07
2.02
2.07
1.97
2.00
2.05
2.02
1.95
2.00
1.96
0.59
1.96
1.96
1.96
1.97
1.97
2.03
2.05
2.00
2.04
1.93
1.96
1.98
2.04
1.97
1.98
1.97
2.01
2.01
1.94
2.07
1.94
2.08
2.01
2.04
2.03
2.02
1.99
1.97
1.96
1.99
2.00
2.00
2.05
2.04
2.08
1.96
2.10
2.02
1.99
1.99
1.95
1.97
1.99
1.98
2.02
2.06
1.97
2.07
1.96
2.10
1.60
2.01
2.03
1.98
1.97
2.02
2.04
2.02
2.02
2.02
2.03
1.93
2.02
2.02
2.01
1.99
2.03
2.06
1.96
1.97
1.99
2.02
1.97
2.03
2.01
2.01
2.00
2.01
2.02
1.91
2.00
2.09
1.99
2.05
2.01
1.99
1.96
1.74
2.02
2.07
2.05
1.98
1.97
1.96
1.98
2.03
1.99
1.99
1.43
2.09
2.06
2.03
1.99
2.00
1.93
2.01
2.01
2.05
2.05
2.01
2.04
1.93
2.03
2.00
2.04
2.02
2.09
1.97
2.05
2.08
2.02
1.92
1.98
2.03
1.99
2.07
1.99
2.00
2.02
2.02
1.94
2.00
2.10
2.02
2.00
2.05
2.02
2.01
2.05
1.96
2.04
1.95
2.01
2.04
1.97
1.90
2.03
2.03
1.95
1.96
2.07
1.94
0.76
2.04
2.01
2.01
2.04
1.94
2.00
2.04
1.92
2.05
1.94
1.98
1.92
1.96
1.97
1.93
2.04
2.06
2.06
1.96
2.08
2.04
2.00
1.97
2.04
1.94
1.97
2.05
2.04
1.98
2.07
2.03
4.20
1.98
2.02
1.97
2.03
2.08
2.04
