2.04
1.96
1.97
1.92
2.06
2.01
2.00
2.03
1.97
1.95
1.94
1.98
1.92
2.02
1.94
2.05
2.03
2.02
2.03
1.97
2.02
1.93
1.98
2.05
1.89
1.99
1.95
2.01
2.01
2.00
1.94
2.01
1.94
1.97
2.03
1.94
2.02
1.97
2.02
1.98
2.02
1.98
1.97
2.01
1.12
2.01
1.95
2.05
2.00
1.92
2.00
1.95
2.00
1.93
1.94
2.02
1.89
1.95
2.05
2.03
1.91
1.97
1.95
1.98
1.98
1.97
1.95
0.86
1.93
2.00
1.93
2.02
1.93
1.92
15.92
2.01
1.97
2.01
1.99
1.96
1.94
1.87
2.01
1.94
2.02
1.96
2.01
1.94
1.94
1.89
1.95
1.99
1.98
1.92
1.95
1.93
1.95
2.00
1.97
1.97
1.99
2.00
2.06
1.90
1.98
2.01
1.99
1.95
2.01
2.00
2.04
1.98
1.98
1.97
2.02
2.01
1.95
1.98
1.94
2.04
1.99
2.04
1.93
1.96
2.01
1.98
1.91
1.97
1.93
0.56
1.93
1.93
1.92
1.94
1.94
2.00
2.02
1.96
2.00
1.90
1.93
1.94
2.01
1.93
1.95
1.94
1.98
1.97
1.91
2.04
1.90
2.05
1.98
2.01
2.00
1.99
1.96
1.94
1.93
1.95
1.97
1.97
2.01
2.01
2.05
1.92
2.07
1.98
1.96
1.95
1.92
1.94
1.95
1.94
1.98
2.02
1.94
2.04
1.92
2.07
1.55
1.98
2.00
1.94
1.94
1.98
2.01
1.98
1.99
1.98
2.00
1.90
1.99
1.98
1.98
1.96
1.99
2.03
1.93
1.94
1.96
1.99
1.94
1.99
1.97
1.97
1.97
1.98
1.99
1.88
1.96
2.06
1.95
2.02
1.98
1.96
1.92
1.70
1.99
2.04
2.02
1.94
1.94
1.93
1.95
1.99
1.95
1.95
1.30
2.06
2.02
2.00
1.95
1.97
1.90
1.97
1.97
2.01
2.02
1.97
2.01
1.90
2.00
1.96
2.01
1.98
2.06
1.93
2.02
2.04
1.99
1.88
1.94
2.00
1.96
2.04
1.95
1.96
1.98
1.98
1.95
1.97
2.07
1.99
1.97
2.01
1.99
1.98
2.02
1.93
2.01
1.91
1.98
2.01
1.93
1.86
1.99
2.00
1.91
1.92
2.03
1.90
0.79
2.00
1.97
1.98
2.01
1.90
1.97
2.01
1.88
2.02
1.91
1.95
1.89
1.93
1.94
1.90
2.00
2.03
2.03
1.93
2.04
2.01
1.97
1.94
2.01
1.91
1.94
2.01
2.00
1.94
2.03
2.00
4.00
1.94
1.99
1.94
2.00
2.05
2.01
